Fit results for L = 14

A = 0.970008 +- 0.002131

TAU = 217.669734 +- 0.677738


