Fit results for L = 4
A = 0.986214 +- 0.001598
TAU = 58.702360 +- 0.135640

Fit results for L = 14
A = 0.970008 +- 0.002131
TAU = 217.669734 +- 0.677738

